0000000000000000000000010000100000000000011000010000000000000000000000000000000000000100100000000000
0000000000000000000000000001000000000000100100000000000000000000000000000000000000000100000000000000
0000000000000000000000000000000000000000100100000000000000000000000000000000000000000000000000000000
0000000000000000000000000000000000000000101000000000000000000000000000000000000000000001010000000000
0000000000000000001100000110000000000000000000000000000000000000000000000000000000001100010000000010
1000000000000001010110000110000000000000000000000000000000000000000000000000000000001111100000000011
0000000000000000000001000000000000000000000000000000000000000000000000000110000000001001000000000001
0100000000000100000001000000100000000000001100000000000000000000000000001000110000011100000011000000
0110000000110000100001000001010000000000011010000000000110000000000000001011100000000000000100100000
0000000000111010000001110010000001100000011011000000001001000000000000011000000000000000000011000000
0000000001000010110001111011100001010000100011000000000110000000000000010010100000000101000000000000
0000000000111000010011001000000000000000000011000000000000000000000000011100100000101100000000000000
0000000000110111000000001000000000110000100001000000000000000000000000001000000011100000000000000000
0000000000000000000000011001110000000000011000000000000000000000011100000000000011001110010000000000
0000000000000000000000001111011000000111000000100111000000000000000010000000000100000100100000000000
0000000000000000000000111001001000001001000101010000100000000000010001000000001101110100000000000000
0000000000000000000011000000010000000101000011011000100000000000100001000000000100010110000000000000
0000000000000000000000000000000000101000000000100001100000000000100001000110000001000000000000000111
0000000000000000000010100000000000111010000000011111000000000000000010000110000101000000000000001001
0000000000000000000001000000000000110101000000111001000000000000100100000000010000000000000001111010
0000000000000000000000000000000000000101000000000100100000000000000000000000010100000000000000001000
0000000000001110000000000000000000000000000000000011000000110000000000000000010010000000000000110000
0000000000010001000000000000000000001100000000000000000000000000000000000000001100000000000000000000
0000000000100001000001001000000000001000000000110000000000000000000000000000000000010000000000000000
0000010001000110000000000000000000000000000000100100000001100000000000000000000000111100000000000000
0000111001000000000010000000000000000000110000011001000000100011100000000000000001000100000000001000
0001000110110010000010000000000000000000010000010001000011100000000000000000000010100010000000011000
0011110000010000000010001000000000000000000000001010000000000000000000000000000011101010000000111000
0101000010001000000001000010100000000000000000000000000000000000000000000000000000110101100000110011
0001100000000111000000001111010000000000000000000000000000000000000000000000000000001111000001111111
0110000100000000000000000000000101100000110000000000000111000000000000000000000000000000000000101100
0000011101110000000000000000000100000001001000000000011010000000000000000000001000000000000000001110
0000101000000000000000000100100101100000110000000001100000100000000000000000010100001100000000000111
0000110000000000000000000010101101100000000000000000001011000000000000000000010011011010000000000010
1110010000000001011100000011111000100000000000000010001000000000000000000000001010000010000000000011
0011000000000000011100000000011111000000000000010010110100000000000000111000000010001110000000000000
0101100000000001001000100011000000000000000001000011000000000000000010010110001000000110100000000000
0100010000000001110000110011000000000000000011000110001011010000001011010100001000101101001000000000
0011110100000000100010001100000000000000000110000100001110101000001001000101001100001000100000000000
0000111100000000000111000000000000000000000010011000001010101000000001000001100000010000011000000000
0000010110000000001000100000000000000000000100011000000111010000000000100111100000000000001001100000
0000000000000000000111110001000000000000000000000000000000000000000001010001100011000000010010100000
0000001000000000000011101100100000000000110000000000000000000000000011101101000000000000000110100000
0000000011000000000000000000110000000100110000000010000000000000000011100110000000000000000111000000
0000000000000000000000000011100000000000000000100001110000001000000000000000000000000000000000000000
0000000000000000000000000011000001100011000010100001010000000110000000000000000000000000000000000000
0000000000000000000000000000000001001000000101000000000000001100000000000000000000000000000000000000
0000000000000000000000000000000000101101101110000011000000000000000000000000000000000000000000000000
0001100000000000000000000000000000111001011010000000000000000000000000000000000000000000000000000100
0010000000000000000000011100000000000001010000000000000000000011100100000000000000000000000000001110
0000000000000000000000011100010000000000000000000100000000000010010010000000000000000000000000001101
0000001000000000000000100000000000000000000000000000000000000010000010000000000000000000000000111010
0000001100000000000000011000001100000000000000000000000000000001110000000000000000000000000000000000
0000011100000000000000000000011000000000000000000000000000000001011110000000000000000000000001100001
0000110100000000000000001100010000000000000000001000000000000000110000000000000000000000000000001111
0110101100000000000000000000000000000000000000001110000000000111000000000000000000000000000000010100
0110000000000000000000000000000000000000000000000100000000000110000000000000000000000001100000010000
0000001100000000000000000000000000001000000000000000011000000000000000000000000000000000000010011000
0000001000000000000000000000000000010100000000000000101000000000001100000000111000000000000001111000
0000010000000000011110000000000000010100000000000000110000000000001101100000000000000000000000000000
0000000001000000010110000000000000001000000000000000000000000000000001100000000000000000000000000000
0000000010100000100100100000000000000000000000000000000000000000000100110000000000000000000000000000
0000000100100000000011100000000000000000000000001110000000000000000100000000000000000000000000000000
0000000101000001110010010000000000000000000000000000000000000001000010000000000000000000000000000000
1000000111000000010001010000000000000000000000001010000000000010000011000000110000000000000000000001
1000000010100000000001100000000000000000000000001010000000000001101101000000101100000000000000000001
0000000001000000000000000000000000000001000000010110000000000000000001100000000100000000000000000000
0000011000000000000000000000000000000001000000100101000000000000000001000000011100000000000000001100
0000101000000000000000000000000000000001000000100000010000000000000010010000000000000000001010001100
0000100000000000000000000000000000000000000000001010010000000001110011110000000000000000001011000000
0000101000000001000000000000000000000000000000010101100000000000110000000000000000000000001101000000
0110000000000010100000000000000001000000000000110100000000000000010100000000000000000000000001100000
1001010100000001100010000000000001000000000001000101000000000000001100000000000000000000001000100000
1101100000000000000101000000000110110000000001011101000000000000000000000000000000000000000000111000
0100001000111000000101000000000010010000000000100011000000000000000000000000000000000000000000001000
0100101101110100000010000000000001100000000000000010000000000000000000000000000000000000000000100000
1100010010100000000000000000000000000000000000000100000000000000000000000000000000000000000011000000
0100000000100010000000000000000000000011000000000100000100000011000001110000000000000000000010011001
0100000011110010000000000011000000000111100001000000001000000010000001001000000000000001010011100011
0001000011000001000000001100100000001100010000110000000111110010110110011000000000000010100000000001
1001100001100000100000001000010000000000110001000000000011101100111110001000000000000010100000000000
1000110111011010000000001100000000000000000000000010000000011000001100000000000000000010000000000000
0111101011011000000001100110000000000000000000000111000000001110100000000000000000000001100110000000
0000110011101100000000000010110000000000000000001000100000000010000000010000000000000001110000000000
0001010000101101000000011111000000000000001100010010110000000000000000000000000000000000000000000000
0001100000000010000000011100000000000000010100001011000000000000000000000000000000000000000000000000
0001000000000000000001000000000000000000011100000100000000000011100000000000000000010000000000000000
0000000001100000000000001100000000000001001000000001000000000010000000000000000000011000000000000000
0000000001100000011001111110000000000000110000000110110000000000100010000000000000011000000000000000
0000000000000000011001100011000000000000000000000010110000000100010110000000000111000000000000000000
0011000000000000011110001011000000000000000000000000010001001001111010000000000000001100000000000000
1101100000000000000010011110100000000000000000000000110010111000000000011000000001001100000000000011
1101000000000000000010010011000000000000000100000000001000010011010000111000001000000000001110000110
0111000000000000011000000000000000000001110100000000101011111000010000100000001011000000111110000111
0110000000000110011000000000000000000001000110000001101100001111001000000001101100010001000011000110
0100000000001000101000010001000000000001110001100000100000000110100000000010011101011011010110000100
0000000000100000110110010001000000000000000000011000111000000000000000000001100000011011111110000100
0000000000100100110001000000000000000000000011000100000001000000000000000000110000000001110100001100
0000000000110000000001001000000000000000000011000100000010000000000000000000011000000010100000000101
0000000000000000000000101100110000000000011100001000000010000000000000000000011000000100000000000010
